2024-01-31 17:39:41 [INFO] Question: Chart the Close by Date
2024-01-31 17:39:42 [INFO] Running PandasAI with openai LLM...
2024-01-31 17:39:42 [INFO] Prompt ID: 6e65d547-17be-4e00-ae85-ef0ce541689f
2024-01-31 17:39:42 [INFO] Executing Step 0: CacheLookup
2024-01-31 17:39:42 [INFO] Executing Step 1: PromptGeneration
2024-01-31 17:39:42 [INFO] Using prompt: <dataframe>
dfs[0]:1509x7
Date,Open,High,Low,Close,Adj_Close,Volume
2018-01-30,93.300003,93.660004,92.099998,92.739998,86.567062,38635100
2018-02-01,94.790001,96.07,93.580002,94.260002,87.985878,47227900
2018-01-31,93.75,95.400002,93.510002,95.010002,88.685974,48756300
</dataframe>




Update this initial code:
```python
# TODO: import the required dependencies
import pandas as pd

# Write code here

# Declare result var: type (possible values "string", "number", "dataframe", "plot"). Examples: { "type": "string", "value": f"The highest salary is {highest_salary}." } or { "type": "number", "value": 125 } or { "type": "dataframe", "value": pd.DataFrame({...}) } or { "type": "plot", "value": "temp_chart.png" }
```

Q: Chart the Close by Date
Variable `dfs: list[pd.DataFrame]` is already declared.

At the end, declare "result" variable as a dictionary of type and value.



Generate python code and return full updated code:
2024-01-31 17:39:42 [INFO] Executing Step 2: CodeGenerator
2024-01-31 17:39:48 [INFO] HTTP Request: POST https://api.openai.com/v1/chat/completions "HTTP/1.1 200 OK"
2024-01-31 17:39:48 [INFO] Code generated:
            ```
            # TODO: import the required dependencies
import pandas as pd
import matplotlib.pyplot as plt

# Write code here
df = dfs[0]
df['Date'] = pd.to_datetime(df['Date'])
df.set_index('Date', inplace=True)
df['Close'].plot()

# Declare result var: type (possible values "string", "number", "dataframe", "plot"). Examples: { "type": "string", "value": f"The highest salary is {highest_salary}." } or { "type": "number", "value": 125 } or { "type": "dataframe", "value": pd.DataFrame({...}) } or { "type": "plot", "value": "temp_chart.png" }
result = {"type": "plot", "value": plt}
            ```
            
2024-01-31 17:39:48 [INFO] Executing Step 3: CachePopulation
2024-01-31 17:39:48 [INFO] Executing Step 4: CodeExecution
2024-01-31 17:39:48 [INFO] Saving charts to /Users/davidspriggs/Library/CloudStorage/OneDrive-Personal/Github/stay_ready_projects/Stay-Ready-Projects/exports/charts/temp_chart.png
2024-01-31 17:39:48 [INFO] 
Code running:
```
df = dfs[0]
df['Date'] = pd.to_datetime(df['Date'])
df.set_index('Date', inplace=True)
df['Close'].plot()
result = {'type': 'plot', 'value': plt}
        ```
2024-01-31 17:39:48 [WARNING] Failed to execute code with a correction framework [retry number: 1]
2024-01-31 17:39:48 [ERROR] Failed with error: Traceback (most recent call last):
  File "/Users/davidspriggs/anaconda3/envs/ml_env/lib/python3.9/site-packages/pandasai/pipelines/smart_datalake_chat/code_execution.py", line 53, in execute
    result = pipeline_context.query_exec_tracker.execute_func(
  File "/Users/davidspriggs/anaconda3/envs/ml_env/lib/python3.9/site-packages/pandasai/helpers/query_exec_tracker.py", line 134, in execute_func
    step_data = self._generate_exec_step(tag, result)
  File "/Users/davidspriggs/anaconda3/envs/ml_env/lib/python3.9/site-packages/pandasai/helpers/query_exec_tracker.py", line 183, in _generate_exec_step
    self._response = self._format_response(result)
  File "/Users/davidspriggs/anaconda3/envs/ml_env/lib/python3.9/site-packages/pandasai/helpers/query_exec_tracker.py", line 202, in _format_response
    with open(result["value"], "rb") as image_file:
TypeError: expected str, bytes or os.PathLike object, not module
. Retrying
2024-01-31 17:39:48 [INFO] Using prompt: <dataframe>
dfs[0]:1509x7
Date,Open,High,Low,Close,Adj_Close,Volume
2018-01-30,93.300003,93.660004,92.099998,92.739998,86.567062,38635100
2018-02-01,94.790001,96.07,93.580002,94.260002,87.985878,47227900
2018-01-31,93.75,95.400002,93.510002,95.010002,88.685974,48756300
</dataframe>

The user asked the following question:
Q: Chart the Close by Date

You generated this python code:
# TODO: import the required dependencies
import pandas as pd
import matplotlib.pyplot as plt

# Write code here
df = dfs[0]
df['Date'] = pd.to_datetime(df['Date'])
df.set_index('Date', inplace=True)
df['Close'].plot()

# Declare result var: type (possible values "string", "number", "dataframe", "plot"). Examples: { "type": "string", "value": f"The highest salary is {highest_salary}." } or { "type": "number", "value": 125 } or { "type": "dataframe", "value": pd.DataFrame({...}) } or { "type": "plot", "value": "temp_chart.png" }
result = {"type": "plot", "value": plt}

It fails with the following error:
Traceback (most recent call last):
  File "/Users/davidspriggs/anaconda3/envs/ml_env/lib/python3.9/site-packages/pandasai/pipelines/smart_datalake_chat/code_execution.py", line 53, in execute
    result = pipeline_context.query_exec_tracker.execute_func(
  File "/Users/davidspriggs/anaconda3/envs/ml_env/lib/python3.9/site-packages/pandasai/helpers/query_exec_tracker.py", line 134, in execute_func
    step_data = self._generate_exec_step(tag, result)
  File "/Users/davidspriggs/anaconda3/envs/ml_env/lib/python3.9/site-packages/pandasai/helpers/query_exec_tracker.py", line 183, in _generate_exec_step
    self._response = self._format_response(result)
  File "/Users/davidspriggs/anaconda3/envs/ml_env/lib/python3.9/site-packages/pandasai/helpers/query_exec_tracker.py", line 202, in _format_response
    with open(result["value"], "rb") as image_file:
TypeError: expected str, bytes or os.PathLike object, not module


Fix the python code above and return the new python code:
2024-01-31 17:39:55 [INFO] HTTP Request: POST https://api.openai.com/v1/chat/completions "HTTP/1.1 200 OK"
2024-01-31 17:39:55 [INFO] Saving charts to /Users/davidspriggs/Library/CloudStorage/OneDrive-Personal/Github/stay_ready_projects/Stay-Ready-Projects/exports/charts/temp_chart.png
2024-01-31 17:39:55 [INFO] 
Code running:
```
df = dfs[0]
df['Date'] = pd.to_datetime(df['Date'])
df.set_index('Date', inplace=True)
df['Close'].plot()
plt.savefig('/Users/davidspriggs/Library/CloudStorage/OneDrive-Personal/Github/stay_ready_projects/Stay-Ready-Projects/exports/charts/temp_chart.png')
result = {'type': 'plot', 'value': '/Users/davidspriggs/Library/CloudStorage/OneDrive-Personal/Github/stay_ready_projects/Stay-Ready-Projects/exports/charts/temp_chart.png'}
result
        ```
2024-01-31 17:39:55 [INFO] Executing Step 5: ResultValidation
2024-01-31 17:39:55 [INFO] Answer: {'type': 'plot', 'value': '/Users/davidspriggs/Library/CloudStorage/OneDrive-Personal/Github/stay_ready_projects/Stay-Ready-Projects/exports/charts/temp_chart.png'}
2024-01-31 17:39:55 [INFO] Executed in: 13.248031854629517s
2024-01-31 17:39:55 [INFO] Executing Step 6: ResultParsing
2024-01-31 17:44:34 [INFO] Question: Plot Close by Date
2024-01-31 17:44:34 [INFO] Running PandasAI with openai LLM...
2024-01-31 17:44:34 [INFO] Prompt ID: aea08445-e460-4c9f-9a32-f561a996b0ba
2024-01-31 17:44:34 [INFO] Executing Step 0: CacheLookup
2024-01-31 17:44:34 [INFO] Executing Step 1: PromptGeneration
2024-01-31 17:44:34 [INFO] Using prompt: <dataframe>
dfs[0]:1509x7
Date,Open,High,Low,Close,Adj_Close,Volume
2018-01-31,93.75,95.400002,93.510002,95.010002,88.685974,48756300
2018-01-30,93.300003,93.660004,92.099998,92.739998,86.567062,38635100
2018-02-01,94.790001,96.07,93.580002,94.260002,87.985878,47227900
</dataframe>




Update this initial code:
```python
# TODO: import the required dependencies
import pandas as pd

# Write code here

# Declare result var: type (possible values "string", "number", "dataframe", "plot"). Examples: { "type": "string", "value": f"The highest salary is {highest_salary}." } or { "type": "number", "value": 125 } or { "type": "dataframe", "value": pd.DataFrame({...}) } or { "type": "plot", "value": "temp_chart.png" }
```

Q: Plot Close by Date
Variable `dfs: list[pd.DataFrame]` is already declared.

At the end, declare "result" variable as a dictionary of type and value.



Generate python code and return full updated code:
2024-01-31 17:44:34 [INFO] Executing Step 2: CodeGenerator
2024-01-31 17:44:40 [INFO] HTTP Request: POST https://api.openai.com/v1/chat/completions "HTTP/1.1 200 OK"
2024-01-31 17:44:40 [INFO] Code generated:
            ```
            # TODO: import the required dependencies
import pandas as pd
import matplotlib.pyplot as plt

# Write code here
df = dfs[0]
df['Date'] = pd.to_datetime(df['Date'])
df.set_index('Date', inplace=True)
df['Close'].plot()

# Declare result var: type (possible values "string", "number", "dataframe", "plot"). Examples: { "type": "string", "value": f"The highest salary is {highest_salary}." } or { "type": "number", "value": 125 } or { "type": "dataframe", "value": pd.DataFrame({...}) } or { "type": "plot", "value": "temp_chart.png" }
result = {"type": "plot", "value": plt}
            ```
            
2024-01-31 17:44:40 [INFO] Executing Step 3: CachePopulation
2024-01-31 17:44:40 [INFO] Executing Step 4: CodeExecution
2024-01-31 17:44:40 [INFO] Saving charts to /Users/davidspriggs/Library/CloudStorage/OneDrive-Personal/Github/stay_ready_projects/Stay-Ready-Projects/exports/charts/temp_chart.png
2024-01-31 17:44:40 [INFO] 
Code running:
```
df = dfs[0]
df['Date'] = pd.to_datetime(df['Date'])
df.set_index('Date', inplace=True)
df['Close'].plot()
result = {'type': 'plot', 'value': plt}
        ```
2024-01-31 17:44:40 [WARNING] Failed to execute code with a correction framework [retry number: 1]
2024-01-31 17:44:40 [ERROR] Failed with error: Traceback (most recent call last):
  File "/Users/davidspriggs/anaconda3/envs/ml_env/lib/python3.9/site-packages/pandasai/pipelines/smart_datalake_chat/code_execution.py", line 53, in execute
    result = pipeline_context.query_exec_tracker.execute_func(
  File "/Users/davidspriggs/anaconda3/envs/ml_env/lib/python3.9/site-packages/pandasai/helpers/query_exec_tracker.py", line 134, in execute_func
    step_data = self._generate_exec_step(tag, result)
  File "/Users/davidspriggs/anaconda3/envs/ml_env/lib/python3.9/site-packages/pandasai/helpers/query_exec_tracker.py", line 183, in _generate_exec_step
    self._response = self._format_response(result)
  File "/Users/davidspriggs/anaconda3/envs/ml_env/lib/python3.9/site-packages/pandasai/helpers/query_exec_tracker.py", line 202, in _format_response
    with open(result["value"], "rb") as image_file:
TypeError: expected str, bytes or os.PathLike object, not module
. Retrying
2024-01-31 17:44:40 [INFO] Using prompt: <dataframe>
dfs[0]:1509x7
Date,Open,High,Low,Close,Adj_Close,Volume
2018-01-31,93.75,95.400002,93.510002,95.010002,88.685974,48756300
2018-01-30,93.300003,93.660004,92.099998,92.739998,86.567062,38635100
2018-02-01,94.790001,96.07,93.580002,94.260002,87.985878,47227900
</dataframe>

The user asked the following question:
Q: Plot Close by Date

You generated this python code:
# TODO: import the required dependencies
import pandas as pd
import matplotlib.pyplot as plt

# Write code here
df = dfs[0]
df['Date'] = pd.to_datetime(df['Date'])
df.set_index('Date', inplace=True)
df['Close'].plot()

# Declare result var: type (possible values "string", "number", "dataframe", "plot"). Examples: { "type": "string", "value": f"The highest salary is {highest_salary}." } or { "type": "number", "value": 125 } or { "type": "dataframe", "value": pd.DataFrame({...}) } or { "type": "plot", "value": "temp_chart.png" }
result = {"type": "plot", "value": plt}

It fails with the following error:
Traceback (most recent call last):
  File "/Users/davidspriggs/anaconda3/envs/ml_env/lib/python3.9/site-packages/pandasai/pipelines/smart_datalake_chat/code_execution.py", line 53, in execute
    result = pipeline_context.query_exec_tracker.execute_func(
  File "/Users/davidspriggs/anaconda3/envs/ml_env/lib/python3.9/site-packages/pandasai/helpers/query_exec_tracker.py", line 134, in execute_func
    step_data = self._generate_exec_step(tag, result)
  File "/Users/davidspriggs/anaconda3/envs/ml_env/lib/python3.9/site-packages/pandasai/helpers/query_exec_tracker.py", line 183, in _generate_exec_step
    self._response = self._format_response(result)
  File "/Users/davidspriggs/anaconda3/envs/ml_env/lib/python3.9/site-packages/pandasai/helpers/query_exec_tracker.py", line 202, in _format_response
    with open(result["value"], "rb") as image_file:
TypeError: expected str, bytes or os.PathLike object, not module


Fix the python code above and return the new python code:
2024-01-31 17:44:46 [INFO] HTTP Request: POST https://api.openai.com/v1/chat/completions "HTTP/1.1 200 OK"
2024-01-31 17:44:46 [INFO] Saving charts to /Users/davidspriggs/Library/CloudStorage/OneDrive-Personal/Github/stay_ready_projects/Stay-Ready-Projects/exports/charts/temp_chart.png
2024-01-31 17:44:46 [INFO] 
Code running:
```
df = dfs[0]
df['Date'] = pd.to_datetime(df['Date'])
df.set_index('Date', inplace=True)
df['Close'].plot()
plt.savefig('/Users/davidspriggs/Library/CloudStorage/OneDrive-Personal/Github/stay_ready_projects/Stay-Ready-Projects/exports/charts/temp_chart.png')
result = {'type': 'plot', 'value': '/Users/davidspriggs/Library/CloudStorage/OneDrive-Personal/Github/stay_ready_projects/Stay-Ready-Projects/exports/charts/temp_chart.png'}
        ```
2024-01-31 17:44:46 [INFO] Executing Step 5: ResultValidation
2024-01-31 17:44:46 [INFO] Answer: {'type': 'plot', 'value': '/Users/davidspriggs/Library/CloudStorage/OneDrive-Personal/Github/stay_ready_projects/Stay-Ready-Projects/exports/charts/temp_chart.png'}
2024-01-31 17:44:46 [INFO] Executed in: 11.896060943603516s
2024-01-31 17:44:46 [INFO] Executing Step 6: ResultParsing
2024-01-31 17:45:24 [INFO] Question: Plot High and Low by Date
2024-01-31 17:45:24 [INFO] Running PandasAI with openai LLM...
2024-01-31 17:45:24 [INFO] Prompt ID: 127ba84c-69fd-475a-b6c0-2027509bb0a0
2024-01-31 17:45:24 [INFO] Executing Step 0: CacheLookup
2024-01-31 17:45:25 [INFO] Executing Step 1: PromptGeneration
2024-01-31 17:45:25 [INFO] Using prompt: <dataframe>
dfs[0]:1509x7
Date,Open,High,Low,Close,Adj_Close,Volume
2018-01-31,93.75,95.400002,93.510002,95.010002,88.685974,48756300
2018-01-30,93.300003,93.660004,92.099998,92.739998,86.567062,38635100
2018-02-01,94.790001,96.07,93.580002,94.260002,87.985878,47227900
</dataframe>




Update this initial code:
```python
# TODO: import the required dependencies
import pandas as pd

# Write code here

# Declare result var: type (possible values "string", "number", "dataframe", "plot"). Examples: { "type": "string", "value": f"The highest salary is {highest_salary}." } or { "type": "number", "value": 125 } or { "type": "dataframe", "value": pd.DataFrame({...}) } or { "type": "plot", "value": "temp_chart.png" }
```

Q: Plot High and Low by Date
Variable `dfs: list[pd.DataFrame]` is already declared.

At the end, declare "result" variable as a dictionary of type and value.



Generate python code and return full updated code:
2024-01-31 17:45:25 [INFO] Executing Step 2: CodeGenerator
2024-01-31 17:45:32 [INFO] HTTP Request: POST https://api.openai.com/v1/chat/completions "HTTP/1.1 200 OK"
2024-01-31 17:45:32 [INFO] Code generated:
            ```
            # TODO: import the required dependencies
import pandas as pd
import matplotlib.pyplot as plt

# Write code here
df = dfs[0]
df['Date'] = pd.to_datetime(df['Date'])
df.set_index('Date', inplace=True)

df[['High', 'Low']].plot()
plt.xlabel('Date')
plt.ylabel('Price')
plt.title('High and Low by Date')

# Declare result var: type (possible values "string", "number", "dataframe", "plot"). Examples: { "type": "string", "value": f"The highest salary is {highest_salary}." } or { "type": "number", "value": 125 } or { "type": "dataframe", "value": pd.DataFrame({...}) } or { "type": "plot", "value": "temp_chart.png" }
result = {"type": "plot", "value": "high_low_plot.png"}
            ```
            
2024-01-31 17:45:32 [INFO] Executing Step 3: CachePopulation
2024-01-31 17:45:32 [INFO] Executing Step 4: CodeExecution
2024-01-31 17:45:32 [INFO] Saving charts to /Users/davidspriggs/Library/CloudStorage/OneDrive-Personal/Github/stay_ready_projects/Stay-Ready-Projects/exports/charts/temp_chart.png
2024-01-31 17:45:32 [INFO] 
Code running:
```
df = dfs[0]
df['Date'] = pd.to_datetime(df['Date'])
df.set_index('Date', inplace=True)
df[['High', 'Low']].plot()
plt.xlabel('Date')
plt.ylabel('Price')
plt.title('High and Low by Date')
result = {'type': 'plot', 'value': '/Users/davidspriggs/Library/CloudStorage/OneDrive-Personal/Github/stay_ready_projects/Stay-Ready-Projects/exports/charts/temp_chart.png'}
        ```
2024-01-31 17:45:32 [INFO] Executing Step 5: ResultValidation
2024-01-31 17:45:32 [INFO] Answer: {'type': 'plot', 'value': '/Users/davidspriggs/Library/CloudStorage/OneDrive-Personal/Github/stay_ready_projects/Stay-Ready-Projects/exports/charts/temp_chart.png'}
2024-01-31 17:45:32 [INFO] Executed in: 7.128498077392578s
2024-01-31 17:45:32 [INFO] Executing Step 6: ResultParsing
2024-01-31 17:46:07 [INFO] Question: Plot,using bar, High and Low by Date
2024-01-31 17:46:07 [INFO] Running PandasAI with openai LLM...
2024-01-31 17:46:07 [INFO] Prompt ID: 52131b1b-df92-497b-9648-11b250f233c6
2024-01-31 17:46:07 [INFO] Executing Step 0: CacheLookup
2024-01-31 17:46:07 [INFO] Executing Step 1: PromptGeneration
2024-01-31 17:46:07 [INFO] Using prompt: <dataframe>
dfs[0]:1509x7
Date,Open,High,Low,Close,Adj_Close,Volume
2018-01-31,93.75,95.400002,93.510002,95.010002,88.685974,48756300
2018-01-30,93.300003,93.660004,92.099998,92.739998,86.567062,38635100
2018-02-01,94.790001,96.07,93.580002,94.260002,87.985878,47227900
</dataframe>




Update this initial code:
```python
# TODO: import the required dependencies
import pandas as pd

# Write code here

# Declare result var: type (possible values "string", "number", "dataframe", "plot"). Examples: { "type": "string", "value": f"The highest salary is {highest_salary}." } or { "type": "number", "value": 125 } or { "type": "dataframe", "value": pd.DataFrame({...}) } or { "type": "plot", "value": "temp_chart.png" }
```

Q: Plot,using bar, High and Low by Date
Variable `dfs: list[pd.DataFrame]` is already declared.

At the end, declare "result" variable as a dictionary of type and value.



Generate python code and return full updated code:
2024-01-31 17:46:07 [INFO] Executing Step 2: CodeGenerator
2024-01-31 17:46:14 [INFO] HTTP Request: POST https://api.openai.com/v1/chat/completions "HTTP/1.1 200 OK"
2024-01-31 17:46:14 [INFO] Code generated:
            ```
            # TODO: import the required dependencies
import pandas as pd
import matplotlib.pyplot as plt

# Write code here
df = dfs[0]
df['Date'] = pd.to_datetime(df['Date'])
df.set_index('Date', inplace=True)

df[['High', 'Low']].plot(kind='bar')

plt.xlabel('Date')
plt.ylabel('Price')
plt.title('High and Low by Date')

plt.show()

# Declare result var: type (possible values "string", "number", "dataframe", "plot"). Examples: { "type": "string", "value": f"The highest salary is {highest_salary}." } or { "type": "number", "value": 125 } or { "type": "dataframe", "value": pd.DataFrame({...}) } or { "type": "plot", "value": "temp_chart.png" }
result = {"type": "plot", "value": "temp_chart.png"}
            ```
            
2024-01-31 17:46:14 [INFO] Executing Step 3: CachePopulation
2024-01-31 17:46:14 [INFO] Executing Step 4: CodeExecution
2024-01-31 17:46:14 [INFO] Saving charts to /Users/davidspriggs/Library/CloudStorage/OneDrive-Personal/Github/stay_ready_projects/Stay-Ready-Projects/exports/charts/temp_chart.png
2024-01-31 17:46:14 [INFO] 
Code running:
```
df = dfs[0]
df['Date'] = pd.to_datetime(df['Date'])
df.set_index('Date', inplace=True)
df[['High', 'Low']].plot(kind='bar')
plt.xlabel('Date')
plt.ylabel('Price')
plt.title('High and Low by Date')
plt.show()
result = {'type': 'plot', 'value': '/Users/davidspriggs/Library/CloudStorage/OneDrive-Personal/Github/stay_ready_projects/Stay-Ready-Projects/exports/charts/temp_chart.png'}
        ```
2024-01-31 17:46:19 [INFO] Executing Step 5: ResultValidation
2024-01-31 17:46:19 [INFO] Answer: {'type': 'plot', 'value': '/Users/davidspriggs/Library/CloudStorage/OneDrive-Personal/Github/stay_ready_projects/Stay-Ready-Projects/exports/charts/temp_chart.png'}
2024-01-31 17:46:19 [INFO] Executed in: 11.563817024230957s
2024-01-31 17:46:19 [INFO] Executing Step 6: ResultParsing
2024-01-31 17:46:52 [INFO] Question: Plot,using bar, High and Low by Date group by year
2024-01-31 17:46:52 [INFO] Running PandasAI with openai LLM...
2024-01-31 17:46:52 [INFO] Prompt ID: 3338127e-69d5-4b02-bbb4-4fe69d3c07e0
2024-01-31 17:46:52 [INFO] Executing Step 0: CacheLookup
2024-01-31 17:46:52 [INFO] Executing Step 1: PromptGeneration
2024-01-31 17:46:52 [INFO] Using prompt: <dataframe>
dfs[0]:1509x7
Date,Open,High,Low,Close,Adj_Close,Volume
2018-02-01,94.790001,96.07,93.580002,94.260002,87.985878,47227900
2018-01-31,93.75,95.400002,93.510002,95.010002,88.685974,48756300
2018-01-30,93.300003,93.660004,92.099998,92.739998,86.567062,38635100
</dataframe>




Update this initial code:
```python
# TODO: import the required dependencies
import pandas as pd

# Write code here

# Declare result var: type (possible values "string", "number", "dataframe", "plot"). Examples: { "type": "string", "value": f"The highest salary is {highest_salary}." } or { "type": "number", "value": 125 } or { "type": "dataframe", "value": pd.DataFrame({...}) } or { "type": "plot", "value": "temp_chart.png" }
```

Q: Plot,using bar, High and Low by Date group by year
Variable `dfs: list[pd.DataFrame]` is already declared.

At the end, declare "result" variable as a dictionary of type and value.



Generate python code and return full updated code:
2024-01-31 17:46:52 [INFO] Executing Step 2: CodeGenerator
2024-01-31 17:46:57 [INFO] HTTP Request: POST https://api.openai.com/v1/chat/completions "HTTP/1.1 200 OK"
2024-01-31 17:46:57 [INFO] Code generated:
            ```
            # TODO: import the required dependencies
import pandas as pd
import matplotlib.pyplot as plt

# Write code here
df = dfs[0]
df['Year'] = pd.to_datetime(df['Date']).dt.year
grouped_df = df.groupby('Year').agg({'High': 'mean', 'Low': 'mean'})

# Plotting
fig, ax = plt.subplots()
grouped_df.plot(kind='bar', ax=ax)
ax.set_xlabel('Year')
ax.set_ylabel('Price')
ax.set_title('Average High and Low Prices by Year')

# Save the plot to a file
plt.savefig('high_low_prices.png')

# Declare result var
result = {"type": "plot", "value": "high_low_prices.png"}
            ```
            
2024-01-31 17:46:57 [INFO] Executing Step 3: CachePopulation
2024-01-31 17:46:57 [INFO] Executing Step 4: CodeExecution
2024-01-31 17:46:57 [INFO] Saving charts to /Users/davidspriggs/Library/CloudStorage/OneDrive-Personal/Github/stay_ready_projects/Stay-Ready-Projects/exports/charts/temp_chart.png
2024-01-31 17:46:57 [INFO] 
Code running:
```
df = dfs[0]
df['Year'] = pd.to_datetime(df['Date']).dt.year
grouped_df = df.groupby('Year').agg({'High': 'mean', 'Low': 'mean'})
fig, ax = plt.subplots()
grouped_df.plot(kind='bar', ax=ax)
ax.set_xlabel('Year')
ax.set_ylabel('Price')
ax.set_title('Average High and Low Prices by Year')
plt.savefig('/Users/davidspriggs/Library/CloudStorage/OneDrive-Personal/Github/stay_ready_projects/Stay-Ready-Projects/exports/charts/temp_chart.png')
result = {'type': 'plot', 'value': '/Users/davidspriggs/Library/CloudStorage/OneDrive-Personal/Github/stay_ready_projects/Stay-Ready-Projects/exports/charts/temp_chart.png'}
        ```
2024-01-31 17:46:58 [INFO] Executing Step 5: ResultValidation
2024-01-31 17:46:58 [INFO] Answer: {'type': 'plot', 'value': '/Users/davidspriggs/Library/CloudStorage/OneDrive-Personal/Github/stay_ready_projects/Stay-Ready-Projects/exports/charts/temp_chart.png'}
2024-01-31 17:46:58 [INFO] Executed in: 5.986166954040527s
2024-01-31 17:46:58 [INFO] Executing Step 6: ResultParsing
2024-01-31 17:48:09 [INFO] Question: Plot,using bar, Open and Close by Date group by year
2024-01-31 17:48:09 [INFO] Running PandasAI with openai LLM...
2024-01-31 17:48:09 [INFO] Prompt ID: 54aed051-8424-4f82-8d59-74d4999b5609
2024-01-31 17:48:09 [INFO] Executing Step 0: CacheLookup
2024-01-31 17:48:09 [INFO] Executing Step 1: PromptGeneration
2024-01-31 17:48:09 [INFO] Using prompt: <dataframe>
dfs[0]:1509x7
Date,Open,High,Low,Close,Adj_Close,Volume
2018-01-31,93.75,95.400002,93.510002,95.010002,88.685974,48756300
2018-02-01,94.790001,96.07,93.580002,94.260002,87.985878,47227900
2018-01-30,93.300003,93.660004,92.099998,92.739998,86.567062,38635100
</dataframe>




Update this initial code:
```python
# TODO: import the required dependencies
import pandas as pd

# Write code here

# Declare result var: type (possible values "string", "number", "dataframe", "plot"). Examples: { "type": "string", "value": f"The highest salary is {highest_salary}." } or { "type": "number", "value": 125 } or { "type": "dataframe", "value": pd.DataFrame({...}) } or { "type": "plot", "value": "temp_chart.png" }
```

Q: Plot,using bar, Open and Close by Date group by year
Variable `dfs: list[pd.DataFrame]` is already declared.

At the end, declare "result" variable as a dictionary of type and value.



Generate python code and return full updated code:
2024-01-31 17:48:09 [INFO] Executing Step 2: CodeGenerator
2024-01-31 17:48:18 [INFO] HTTP Request: POST https://api.openai.com/v1/chat/completions "HTTP/1.1 200 OK"
2024-01-31 17:48:18 [INFO] Code generated:
            ```
            # TODO: import the required dependencies
import pandas as pd
import matplotlib.pyplot as plt

# Write code here
df = pd.concat(dfs)
df['Year'] = pd.to_datetime(df['Date']).dt.year
df_grouped = df.groupby('Year').agg({'Open': 'mean', 'Close': 'mean'})

# Plot Open and Close by Date group by year
df_grouped.plot(kind='bar', figsize=(10, 6))
plt.xlabel('Year')
plt.ylabel('Price')
plt.title('Open and Close by Year')
plt.legend(['Open', 'Close'])
plt.show()

# Declare result var: type (possible values "string", "number", "dataframe", "plot"). Examples: { "type": "string", "value": f"The highest salary is {highest_salary}." } or { "type": "number", "value": 125 } or { "type": "dataframe", "value": pd.DataFrame({...}) } or { "type": "plot", "value": "temp_chart.png" }
result = {"type": "plot", "value": "temp_chart.png"}
            ```
            
2024-01-31 17:48:18 [INFO] Executing Step 3: CachePopulation
2024-01-31 17:48:18 [INFO] Executing Step 4: CodeExecution
2024-01-31 17:48:18 [INFO] Saving charts to /Users/davidspriggs/Library/CloudStorage/OneDrive-Personal/Github/stay_ready_projects/Stay-Ready-Projects/exports/charts/temp_chart.png
2024-01-31 17:48:18 [INFO] 
Code running:
```
df = pd.concat(dfs)
df['Year'] = pd.to_datetime(df['Date']).dt.year
df_grouped = df.groupby('Year').agg({'Open': 'mean', 'Close': 'mean'})
df_grouped.plot(kind='bar', figsize=(10, 6))
plt.xlabel('Year')
plt.ylabel('Price')
plt.title('Open and Close by Year')
plt.legend(['Open', 'Close'])
plt.show()
result = {'type': 'plot', 'value': '/Users/davidspriggs/Library/CloudStorage/OneDrive-Personal/Github/stay_ready_projects/Stay-Ready-Projects/exports/charts/temp_chart.png'}
        ```
2024-01-31 17:48:18 [INFO] Executing Step 5: ResultValidation
2024-01-31 17:48:18 [INFO] Answer: {'type': 'plot', 'value': '/Users/davidspriggs/Library/CloudStorage/OneDrive-Personal/Github/stay_ready_projects/Stay-Ready-Projects/exports/charts/temp_chart.png'}
2024-01-31 17:48:18 [INFO] Executed in: 8.577533960342407s
2024-01-31 17:48:18 [INFO] Executing Step 6: ResultParsing
2024-01-31 17:48:52 [INFO] Question: Plot,using bar, Average Open and Close by Date group by year
2024-01-31 17:48:52 [INFO] Running PandasAI with openai LLM...
2024-01-31 17:48:52 [INFO] Prompt ID: b71a94d4-b786-4d42-8fe6-a0f9c2034fca
2024-01-31 17:48:52 [INFO] Executing Step 0: CacheLookup
2024-01-31 17:48:52 [INFO] Executing Step 1: PromptGeneration
2024-01-31 17:48:52 [INFO] Using prompt: <dataframe>
dfs[0]:1509x7
Date,Open,High,Low,Close,Adj_Close,Volume
2018-01-30,93.300003,93.660004,92.099998,92.739998,86.567062,38635100
2018-02-01,94.790001,96.07,93.580002,94.260002,87.985878,47227900
2018-01-31,93.75,95.400002,93.510002,95.010002,88.685974,48756300
</dataframe>




Update this initial code:
```python
# TODO: import the required dependencies
import pandas as pd

# Write code here

# Declare result var: type (possible values "string", "number", "dataframe", "plot"). Examples: { "type": "string", "value": f"The highest salary is {highest_salary}." } or { "type": "number", "value": 125 } or { "type": "dataframe", "value": pd.DataFrame({...}) } or { "type": "plot", "value": "temp_chart.png" }
```

Q: Plot,using bar, Average Open and Close by Date group by year
Variable `dfs: list[pd.DataFrame]` is already declared.

At the end, declare "result" variable as a dictionary of type and value.



Generate python code and return full updated code:
2024-01-31 17:48:52 [INFO] Executing Step 2: CodeGenerator
2024-01-31 17:48:58 [INFO] HTTP Request: POST https://api.openai.com/v1/chat/completions "HTTP/1.1 200 OK"
2024-01-31 17:48:58 [INFO] Code generated:
            ```
            # TODO: import the required dependencies
import pandas as pd
import matplotlib.pyplot as plt

# Write code here
df = dfs[0]
df['Year'] = pd.to_datetime(df['Date']).dt.year
df_grouped = df.groupby('Year').agg({'Open': 'mean', 'Close': 'mean'})

# Plotting
plt.bar(df_grouped.index, df_grouped['Open'], label='Average Open')
plt.bar(df_grouped.index, df_grouped['Close'], label='Average Close')
plt.xlabel('Year')
plt.ylabel('Price')
plt.title('Average Open and Close by Year')
plt.legend()

# Save the plot to a file
plt.savefig('average_open_close.png')

# Declare result var
result = {"type": "plot", "value": "average_open_close.png"}
            ```
            
2024-01-31 17:48:58 [INFO] Executing Step 3: CachePopulation
2024-01-31 17:48:58 [INFO] Executing Step 4: CodeExecution
2024-01-31 17:48:58 [INFO] Saving charts to /Users/davidspriggs/Library/CloudStorage/OneDrive-Personal/Github/stay_ready_projects/Stay-Ready-Projects/exports/charts/temp_chart.png
2024-01-31 17:48:58 [INFO] 
Code running:
```
df = dfs[0]
df['Year'] = pd.to_datetime(df['Date']).dt.year
df_grouped = df.groupby('Year').agg({'Open': 'mean', 'Close': 'mean'})
plt.bar(df_grouped.index, df_grouped['Open'], label='Average Open')
plt.bar(df_grouped.index, df_grouped['Close'], label='Average Close')
plt.xlabel('Year')
plt.ylabel('Price')
plt.title('Average Open and Close by Year')
plt.legend()
plt.savefig('/Users/davidspriggs/Library/CloudStorage/OneDrive-Personal/Github/stay_ready_projects/Stay-Ready-Projects/exports/charts/temp_chart.png')
result = {'type': 'plot', 'value': '/Users/davidspriggs/Library/CloudStorage/OneDrive-Personal/Github/stay_ready_projects/Stay-Ready-Projects/exports/charts/temp_chart.png'}
        ```
2024-01-31 17:48:58 [INFO] Executing Step 5: ResultValidation
2024-01-31 17:48:58 [INFO] Answer: {'type': 'plot', 'value': '/Users/davidspriggs/Library/CloudStorage/OneDrive-Personal/Github/stay_ready_projects/Stay-Ready-Projects/exports/charts/temp_chart.png'}
2024-01-31 17:48:58 [INFO] Executed in: 6.220754861831665s
2024-01-31 17:48:58 [INFO] Executing Step 6: ResultParsing
2024-01-31 17:49:36 [INFO] Question: Plot,using bar, Average Open and Close by Date group by year using different colors for each bar
2024-01-31 17:49:36 [INFO] Running PandasAI with openai LLM...
2024-01-31 17:49:36 [INFO] Prompt ID: a142b903-6e26-4e73-878c-ad08d6b62596
2024-01-31 17:49:36 [INFO] Executing Step 0: CacheLookup
2024-01-31 17:49:36 [INFO] Executing Step 1: PromptGeneration
2024-01-31 17:49:36 [INFO] Using prompt: <dataframe>
dfs[0]:1509x7
Date,Open,High,Low,Close,Adj_Close,Volume
2018-01-30,93.300003,93.660004,92.099998,92.739998,86.567062,38635100
2018-01-31,93.75,95.400002,93.510002,95.010002,88.685974,48756300
2018-02-01,94.790001,96.07,93.580002,94.260002,87.985878,47227900
</dataframe>




Update this initial code:
```python
# TODO: import the required dependencies
import pandas as pd

# Write code here

# Declare result var: type (possible values "string", "number", "dataframe", "plot"). Examples: { "type": "string", "value": f"The highest salary is {highest_salary}." } or { "type": "number", "value": 125 } or { "type": "dataframe", "value": pd.DataFrame({...}) } or { "type": "plot", "value": "temp_chart.png" }
```

Q: Plot,using bar, Average Open and Close by Date group by year using different colors for each bar
Variable `dfs: list[pd.DataFrame]` is already declared.

At the end, declare "result" variable as a dictionary of type and value.



Generate python code and return full updated code:
2024-01-31 17:49:36 [INFO] Executing Step 2: CodeGenerator
2024-01-31 17:49:43 [INFO] HTTP Request: POST https://api.openai.com/v1/chat/completions "HTTP/1.1 200 OK"
2024-01-31 17:49:43 [INFO] Code generated:
            ```
            # TODO: import the required dependencies
import pandas as pd
import matplotlib.pyplot as plt

# Write code here
df = pd.concat(dfs)
df['Year'] = pd.to_datetime(df['Date']).dt.year

grouped = df.groupby('Year').agg({'Open': 'mean', 'Close': 'mean'})

fig, ax = plt.subplots()
grouped.plot(kind='bar', ax=ax)

# Declare result var: type (possible values "string", "number", "dataframe", "plot"). Examples: { "type": "string", "value": f"The highest salary is {highest_salary}." } or { "type": "number", "value": 125 } or { "type": "dataframe", "value": pd.DataFrame({...}) } or { "type": "plot", "value": "temp_chart.png" }
result = {"type": "plot", "value": "average_open_close_by_year.png"}
            ```
            
2024-01-31 17:49:43 [INFO] Executing Step 3: CachePopulation
2024-01-31 17:49:43 [INFO] Executing Step 4: CodeExecution
2024-01-31 17:49:43 [INFO] Saving charts to /Users/davidspriggs/Library/CloudStorage/OneDrive-Personal/Github/stay_ready_projects/Stay-Ready-Projects/exports/charts/temp_chart.png
2024-01-31 17:49:43 [INFO] 
Code running:
```
df = pd.concat(dfs)
df['Year'] = pd.to_datetime(df['Date']).dt.year
grouped = df.groupby('Year').agg({'Open': 'mean', 'Close': 'mean'})
fig, ax = plt.subplots()
grouped.plot(kind='bar', ax=ax)
result = {'type': 'plot', 'value': '/Users/davidspriggs/Library/CloudStorage/OneDrive-Personal/Github/stay_ready_projects/Stay-Ready-Projects/exports/charts/temp_chart.png'}
        ```
2024-01-31 17:49:43 [INFO] Executing Step 5: ResultValidation
2024-01-31 17:49:43 [INFO] Answer: {'type': 'plot', 'value': '/Users/davidspriggs/Library/CloudStorage/OneDrive-Personal/Github/stay_ready_projects/Stay-Ready-Projects/exports/charts/temp_chart.png'}
2024-01-31 17:49:43 [INFO] Executed in: 7.078028202056885s
2024-01-31 17:49:43 [INFO] Executing Step 6: ResultParsing
2024-01-31 17:50:38 [INFO] Question: Plot,using bar, Average Open and Close by Date group by month, year using different colors for each bar
2024-01-31 17:50:39 [INFO] Running PandasAI with openai LLM...
2024-01-31 17:50:39 [INFO] Prompt ID: 258a0fb2-55ba-414f-8e53-b45f571b07fa
2024-01-31 17:50:39 [INFO] Executing Step 0: CacheLookup
2024-01-31 17:50:39 [INFO] Executing Step 1: PromptGeneration
2024-01-31 17:50:39 [INFO] Using prompt: <dataframe>
dfs[0]:1509x7
Date,Open,High,Low,Close,Adj_Close,Volume
2018-01-30,93.300003,93.660004,92.099998,92.739998,86.567062,38635100
2018-02-01,94.790001,96.07,93.580002,94.260002,87.985878,47227900
2018-01-31,93.75,95.400002,93.510002,95.010002,88.685974,48756300
</dataframe>




Update this initial code:
```python
# TODO: import the required dependencies
import pandas as pd

# Write code here

# Declare result var: type (possible values "string", "number", "dataframe", "plot"). Examples: { "type": "string", "value": f"The highest salary is {highest_salary}." } or { "type": "number", "value": 125 } or { "type": "dataframe", "value": pd.DataFrame({...}) } or { "type": "plot", "value": "temp_chart.png" }
```

Q: Plot,using bar, Average Open and Close by Date group by month, year using different colors for each bar
Variable `dfs: list[pd.DataFrame]` is already declared.

At the end, declare "result" variable as a dictionary of type and value.



Generate python code and return full updated code:
2024-01-31 17:50:39 [INFO] Executing Step 2: CodeGenerator
2024-01-31 17:50:50 [INFO] HTTP Request: POST https://api.openai.com/v1/chat/completions "HTTP/1.1 200 OK"
2024-01-31 17:50:50 [INFO] Code generated:
            ```
            # TODO: import the required dependencies
import pandas as pd
import matplotlib.pyplot as plt

# Write code here
df = pd.concat(dfs)
df['Date'] = pd.to_datetime(df['Date'])
df['Month'] = df['Date'].dt.month
df['Year'] = df['Date'].dt.year

grouped = df.groupby(['Year', 'Month']).agg({'Open': 'mean', 'Close': 'mean'}).reset_index()

fig, ax = plt.subplots(figsize=(10, 6))
grouped.plot(x='Month', y='Open', kind='bar', color='blue', ax=ax, position=0, width=0.4)
grouped.plot(x='Month', y='Close', kind='bar', color='red', ax=ax, position=1, width=0.4)

plt.xlabel('Month')
plt.ylabel('Average Price')
plt.title('Average Open and Close by Date')

plt.legend(['Open', 'Close'])

plt.show()

# Declare result var: type (possible values "string", "number", "dataframe", "plot"). Examples: { "type": "string", "value": f"The highest salary is {highest_salary}." } or { "type": "number", "value": 125 } or { "type": "dataframe", "value": pd.DataFrame({...}) } or { "type": "plot", "value": "temp_chart.png" }
result = {"type": "plot", "value": "temp_chart.png"}
            ```
            
2024-01-31 17:50:50 [INFO] Executing Step 3: CachePopulation
2024-01-31 17:50:50 [INFO] Executing Step 4: CodeExecution
2024-01-31 17:50:50 [INFO] Saving charts to /Users/davidspriggs/Library/CloudStorage/OneDrive-Personal/Github/stay_ready_projects/Stay-Ready-Projects/exports/charts/temp_chart.png
2024-01-31 17:50:50 [INFO] 
Code running:
```
df = pd.concat(dfs)
df['Date'] = pd.to_datetime(df['Date'])
df['Month'] = df['Date'].dt.month
df['Year'] = df['Date'].dt.year
grouped = df.groupby(['Year', 'Month']).agg({'Open': 'mean', 'Close': 'mean'}).reset_index()
fig, ax = plt.subplots(figsize=(10, 6))
grouped.plot(x='Month', y='Open', kind='bar', color='blue', ax=ax, position=0, width=0.4)
grouped.plot(x='Month', y='Close', kind='bar', color='red', ax=ax, position=1, width=0.4)
plt.xlabel('Month')
plt.ylabel('Average Price')
plt.title('Average Open and Close by Date')
plt.legend(['Open', 'Close'])
plt.show()
result = {'type': 'plot', 'value': '/Users/davidspriggs/Library/CloudStorage/OneDrive-Personal/Github/stay_ready_projects/Stay-Ready-Projects/exports/charts/temp_chart.png'}
        ```
2024-01-31 17:50:50 [INFO] Executing Step 5: ResultValidation
2024-01-31 17:50:50 [INFO] Answer: {'type': 'plot', 'value': '/Users/davidspriggs/Library/CloudStorage/OneDrive-Personal/Github/stay_ready_projects/Stay-Ready-Projects/exports/charts/temp_chart.png'}
2024-01-31 17:50:50 [INFO] Executed in: 11.758234977722168s
2024-01-31 17:50:50 [INFO] Executing Step 6: ResultParsing
2024-01-31 17:51:24 [INFO] Question: Plot,using bar, Average Open and Close by Date group by month and partition year using different colors for each bar
2024-01-31 17:51:24 [INFO] Running PandasAI with openai LLM...
2024-01-31 17:51:24 [INFO] Prompt ID: c99ff789-8fdc-4992-b242-4710525514b7
2024-01-31 17:51:24 [INFO] Executing Step 0: CacheLookup
2024-01-31 17:51:24 [INFO] Executing Step 1: PromptGeneration
2024-01-31 17:51:24 [INFO] Using prompt: <dataframe>
dfs[0]:1509x7
Date,Open,High,Low,Close,Adj_Close,Volume
2018-02-01,94.790001,96.07,93.580002,94.260002,87.985878,47227900
2018-01-31,93.75,95.400002,93.510002,95.010002,88.685974,48756300
2018-01-30,93.300003,93.660004,92.099998,92.739998,86.567062,38635100
</dataframe>




Update this initial code:
```python
# TODO: import the required dependencies
import pandas as pd

# Write code here

